10 2
322 985 751 778 687 165 669 897 345 493
0 2.13239 7.24906 1.08189 3.69822 6.55746 3.96883 5.80933 1.3965 5.68621 
2.13239 0 6.59951 2.13451 5.82713 4.7805 2.7808 4.40441 3.51291 5.59994 
7.24906 6.59951 0 8.10162 9.28416 4.32002 3.86437 3.03163 8.16834 2.12073 
1.08189 2.13451 8.10162 0 4.17274 6.88929 4.57006 6.354 1.8169 6.66283 
3.69822 5.82713 9.28416 4.17274 0 9.88746 7.05372 8.83858 2.3796 7.25419 
6.55746 4.7805 4.32002 6.88929 9.88746 0 2.87454 1.5197 7.90445 5.12435 
3.96883 2.7808 3.86437 4.57006 7.05372 2.87454 0 1.84646 5.21656 3.31831 
5.80933 4.40441 3.03163 6.354 8.83858 1.5197 1.84646 0 7.06189 3.60614 
1.3965 3.51291 8.16834 1.8169 2.3796 7.90445 5.21656 7.06189 0 6.38925 
5.68621 5.59994 2.12073 6.66283 7.25419 5.12435 3.31831 3.60614 6.38925 0 

